Confussion KNN[[ 35  48   0   0   0   6 347 539   3  22]
 [ 12 130   0   0   0   1 119 598   0 140]
 [ 11  21   0   1   1  14 546 368   1  37]
 [ 13  28   0   2   0  29 417 447   0  64]
 [  1  19   0   3   1   8 653 271   0  44]
 [ 11  16   0   2   0  46 391 489   1  44]
 [  2  21   0   0   0   9 566 337   0  65]
 [ 10  41   0   1   0  13 267 548   1 119]
 [ 12  37   0   0   0   2 393 517   2  37]
 [  3  66   0   0   0   1 142 560   0 228]]
CONFUSSION RF 
[[428 105 127   8  30  17  33  21 207  24]
 [ 88 498   9  15  41  19  42  66  52 170]
 [138  44 213  61 152 123 149  46  51  23]
 [ 55  58  86 112 108 225 145 126  18  67]
 [ 23  46  97  54 401 115 108 100  30  26]
 [ 25  45  97  93  90 354 114 145  11  26]
 [ 32  72  90  74 102  83 481  39   8  19]
 [ 31 122  44  58  83 115  51 360  19 117]
 [177 121  55  18  34  11  18  19 468  79]
 [ 54 220  10  40  29  10  24 101  57 455]]
ACA KNN: 0.1558
ACA RF: 0.377
Time: 1395.296868
Time KNN: 148.155632
Time Random Forests: 2.349756
Number of Train Images: 1000
Number of Test Images: 10000
Note: tamano de los filtros
END

