Confussion KNN[[ 77 168   0   0   0   6   0 638   7 104]
 [ 20 297   0   0   0   2   6 525   1 149]
 [ 25  72   0   0   0  18   5 699   0 181]
 [ 24  56   0   1   0  37   8 751   0 123]
 [  5  61   0   2   1  12   6 661   1 251]
 [ 15  37   2   3   0  61   6 799   0  77]
 [  7  51   0   0   0   8  24 767   0 143]
 [ 12  76   1   0   0  19   4 759   1 128]
 [ 26 177   0   0   0   0   0 680   5 112]
 [  5 180   0   0   0   3   0 550   2 260]]CONFUSSION RF 
[[408 109 100  11  37  20  25  29 232  29]
 [ 83 524  10  15  45  13  45  68  55 142]
 [128  53 178  60 184 122 134  55  68  18]
 [ 52  65  73 111 131 210 158 111  28  61]
 [ 19  36  77  72 422  85 108 106  40  35]
 [ 26  41  81 110 105 315 117 169   9  27]
 [ 27  74  81  77 105  87 483  36   9  21]
 [ 24  98  32  41 103 112  61 371  22 136]
 [149 119  53   6  47  14  19  33 501  59]
 [ 51 283  15  31  26  10  31 107  61 385]]ACA KNN: 0.1485
ACA RF: 0.3698
Time: 1934.707817
Time KNN: 181.019886
Time Random Forests: 23.384262
Number of Train Images: 1000
Number of Test Images: 10000
Note: tamano de los filtros
END

