Time dowloading database= 3e-05
Time computing time of textons=41.646009
Time Assign Textons= 109.680937
KNN Confussion Train
[[47 19  7  0  4  4  3  2 15  1]
 [ 7 85  0  0  1  0  3  5  3  8]
 [29 12 12  2 11  6 17  6  2  2]
 [ 6  9  9  3 11  4 23 20  2  5]
 [19 14  8  1 19  5 20 12  1  0]
 [ 8  4  5  0  8 10 18 30  0  2]
 [ 9 12  7  1 11  5 50  7  0  5]
 [ 6 14  0  0  4  7 20 45  1  5]
 [41 29  4  0  0  2  1  1 12  9]
 [ 9 36  1  0  1  0 10 15  1 30]]
ACA KNN Train
0.313

Confussion Test KNN
[[556 199  55   1  36  10  21  40  58  24]
 [ 66 652   6   0  31   4  80  54  29  78]
 [273  87 131  14 121  62 152 113  21  26]
 [106  88  64  39  80 129 225 203   5  61]
 [133  91  92  24 201  69 244 117   7  22]
 [ 69  64  71  27  69 183 189 287   7  34]
 [ 64 119  49  14 118  49 459  79   2  47]
 [ 51 194  32   5  58  66 131 352   8 103]
 [426 258  28   0  29   5  22  39 145  48]
 [ 67 459   5   1  21   8  80  90  28 241]]
ACA random forests train= 1.0
Confussion Matrix Train Random Forest=
[[102   0   0   0   0   0   0   0   0   0]
 [  0 112   0   0   0   0   0   0   0   0]
 [  0   0  99   0   0   0   0   0   0   0]
 [  0   0   0  92   0   0   0   0   0   0]
 [  0   0   0   0  99   0   0   0   0   0]
 [  0   0   0   0   0  85   0   0   0   0]
 [  0   0   0   0   0   0 107   0   0   0]
 [  0   0   0   0   0   0   0 102   0   0]
 [  0   0   0   0   0   0   0   0  99   0]
 [  0   0   0   0   0   0   0   0   0 103]]
CONFUSSION RF 
[[366 102 132  21  50  13  29  37 216  34]
 [ 61 483  17  23  33  21  73  76  73 140]
 [ 82  47 220  78 169 114 107  64  84  35]
 [ 59  58  99 143 112 181 126 115  42  65]
 [ 23  52 107  95 312  90 147  99  44  31]
 [ 28  46  89 135 107 278 110 156  12  39]
 [ 27  68 106  85 134  68 372  73  20  47]
 [ 28 119  41  47  71 148  80 304  30 132]
 [180 134  60  13  21   9  18  27 450  88]
 [ 39 314  14  28  19  16  62  88  72 348]]
ACA KNN: 0.2959
ACA RF: 0.3276
Time: 475.574603
Time KNN: 103.260525
Time Random Forests: 0.911042
Number of Train Images: 1000
Number of Test Images: 10000
Note: tamano de los filtros
END

