Time dowloading database= 2.4e-05
Time computing time of textons=265.620189
Time Assign Textons= 104.979602
KNN Confussion Train
[[  0   0   0   0   0   0 102   0   0   0]
 [  0   0   0   0   0   0 111   1   0   0]
 [  0   0   0   0   0   0  99   0   0   0]
 [  0   0   0   0   0   0  92   0   0   0]
 [  0   0   0   0   0   0  99   0   0   0]
 [  0   1   0   0   0   0  84   0   0   0]
 [  0   0   0   0   0   0 107   0   0   0]
 [  0   0   0   0   0   0 102   0   0   0]
 [  0   0   0   0   0   0  99   0   0   0]
 [  0   2   0   0   0   0 100   0   0   1]]
ACA KNN Train
0.108

Confussion Test KNN
[[   0    2    0    0    0    0  997    1    0    0]
 [   0    7    0    0    0    0  987    2    0    4]
 [   0    2    0    0    0    0  996    0    0    2]
 [   0    1    0    0    0    0  997    1    0    1]
 [   0    0    0    0    0    0 1000    0    0    0]
 [   0    3    0    0    0    0  996    0    0    1]
 [   0    0    0    0    0    0 1000    0    0    0]
 [   0    7    0    0    0    0  992    1    0    0]
 [   0    0    0    0    0    0 1000    0    0    0]
 [   0    7    0    0    0    0  993    0    0    0]]
ACA random forests train= 1.0
Confussion Matrix Train Random Forest=
[[102   0   0   0   0   0   0   0   0   0]
 [  0 112   0   0   0   0   0   0   0   0]
 [  0   0  99   0   0   0   0   0   0   0]
 [  0   0   0  92   0   0   0   0   0   0]
 [  0   0   0   0  99   0   0   0   0   0]
 [  0   0   0   0   0  85   0   0   0   0]
 [  0   0   0   0   0   0 107   0   0   0]
 [  0   0   0   0   0   0   0 102   0   0]
 [  0   0   0   0   0   0   0   0  99   0]
 [  0   0   0   0   0   0   0   0   0 103]]
CONFUSSION RF 
[[455  97 110   8  29  17  35  22 199  28]
 [ 91 524  17   9  30   8  49  48  63 161]
 [155  30 208  56 177 101 144  54  50  25]
 [ 64  63  79 129 104 209 162 110  22  58]
 [ 22  40  65  72 416 109 127  80  37  32]
 [ 33  40  73  90  88 345 132 148  16  35]
 [ 39  55  62  62  92  68 547  43  12  20]
 [ 39 108  28  34 110 106  49 374  24 128]
 [176 105  50   8  36   4  26  20 502  73]
 [ 56 252   5  25  28  11  25  60  64 474]]
ACA KNN: 0.1008
ACA RF: 0.3974
Time: 752.450741
Time KNN: 139.977643
Time Random Forests: 2.344254
Number of Train Images: 1000
Number of Test Images: 10000
Note: tamano de los filtros
END

