Time dowloading database= 2.8e-05
Time computing time of textons=287.292627
Time Assign Textons= 156.982358
KNN Confussion Train
[[  0   1   0   0   0   0 101   0   0   0]
 [  0   1   0   0   0   0 110   0   0   1]
 [  0   0   0   0   0   0  99   0   0   0]
 [  0   0   0   0   0   0  92   0   0   0]
 [  0   0   0   0   0   0  99   0   0   0]
 [  0   0   0   0   0   0  85   0   0   0]
 [  0   0   0   0   0   0 107   0   0   0]
 [  0   1   0   0   0   0 101   0   0   0]
 [  0   0   0   0   0   0  99   0   0   0]
 [  0   1   0   0   0   0 101   0   0   1]]
ACA KNN Train
0.109

Confussion Test KNN
[[   0    2    0    0    0    0  997    0    0    1]
 [   0    5    0    0    0    0  992    0    0    3]
 [   0    1    0    0    0    0  998    1    0    0]
 [   0    2    0    0    0    0  995    2    0    1]
 [   0    0    0    0    0    0 1000    0    0    0]
 [   0    6    0    0    0    0  994    0    0    0]
 [   0    1    0    0    0    0  999    0    0    0]
 [   0    8    0    0    0    0  990    0    0    2]
 [   0    0    0    0    0    0 1000    0    0    0]
 [   0    5    0    0    0    0  990    4    0    1]]
ACA random forests train= 1.0
Confussion Matrix Train Random Forest=
[[102   0   0   0   0   0   0   0   0   0]
 [  0 112   0   0   0   0   0   0   0   0]
 [  0   0  99   0   0   0   0   0   0   0]
 [  0   0   0  92   0   0   0   0   0   0]
 [  0   0   0   0  99   0   0   0   0   0]
 [  0   0   0   0   0  85   0   0   0   0]
 [  0   0   0   0   0   0 107   0   0   0]
 [  0   0   0   0   0   0   0 102   0   0]
 [  0   0   0   0   0   0   0   0  99   0]
 [  0   0   0   0   0   0   0   0   0 103]]
CONFUSSION RF 
[[462  83 107   9  37  17  30  24 194  37]
 [ 90 513   9   5  40  15  53  61  51 163]
 [139  45 195  62 163 104 164  58  51  19]
 [ 60  44  66 125  96 234 186 107  26  56]
 [ 20  42  60  67 399  99 151 105  34  23]
 [ 34  47  68  87  84 370 134 136  14  26]
 [ 44  64  60  41  78  83 559  38  12  21]
 [ 31 103  35  48 106 120  52 356  28 121]
 [179 131  46   9  36  13  15  14 483  74]
 [ 47 265  11  24  25  14  22  68  63 461]]
ACA KNN: 0.1005
ACA RF: 0.3923
Time: 839.00412
Time KNN: 154.332429
Time Random Forests: 2.345918
Number of Train Images: 1000
Number of Test Images: 10000
Note: tamano de los filtros
END

