Time dowloading database= 5.3e-05
Time computing time of textons=45.2708
Time Assign Textons= 109.088407
KNN Confussion Train
[[54 18  3  0  5  2  3  3 11  3]
 [ 7 72  0  0  2  0  4  7  4 16]
 [19 10 21  1 12  6 17  7  4  2]
 [ 5  8 10  3 10  8 24 16  1  7]
 [14 12  8  1 25  7 19 10  2  1]
 [ 4  3 10  1  6  9 19 30  0  3]
 [ 8 11  7  0 12  4 57  5  0  3]
 [ 5 14  1  0  3  7 19 47  1  5]
 [42 20  1  0  2  1  2  4 18  9]
 [ 4 31  0  0  1  1 13 12  6 35]]
ACA KNN Train
0.341

Confussion Test KNN
[[533 157  56   0  40  12  28  45 103  26]
 [ 57 607   5   0  45   4  78  56  42 106]
 [247  77 150   9 142  67 158  99  21  30]
 [105  65  66  21  99 138 229 196   6  75]
 [109  81 105  14 238  47 237 133  11  25]
 [ 57  55  86  30  76 190 207 254   8  37]
 [ 57 101  51  10 123  36 497  74   5  46]
 [ 41 163  25   1  68  73 119 382  13 115]
 [356 229  28   1  36   6  25  36 222  61]
 [ 52 400   4   4  23   3  82  86  46 300]]
ACA random forests train= 1.0
Confussion Matrix Train Random Forest=
[[102   0   0   0   0   0   0   0   0   0]
 [  0 112   0   0   0   0   0   0   0   0]
 [  0   0  99   0   0   0   0   0   0   0]
 [  0   0   0  92   0   0   0   0   0   0]
 [  0   0   0   0  99   0   0   0   0   0]
 [  0   0   0   0   0  85   0   0   0   0]
 [  0   0   0   0   0   0 107   0   0   0]
 [  0   0   0   0   0   0   0 102   0   0]
 [  0   0   0   0   0   0   0   0  99   0]
 [  0   0   0   0   0   0   0   0   0 103]]
CONFUSSION RF 
[[399 105 108  24  51  13  23  33 216  28]
 [ 69 503  13  10  42  14  67  65  66 151]
 [100  49 227  72 173  84 110  75  80  30]
 [ 54  62 110 142 118 140 136 137  33  68]
 [ 12  55 117  96 338  79 144  87  39  33]
 [ 39  48 110 125 101 273 105 143  16  40]
 [ 34  81  91  78 141  69 385  50  23  48]
 [ 34 116  37  54  81 111  76 328  42 121]
 [196 150  56  10  34   7  20  26 434  67]
 [ 49 274  13  30  18   8  55  90  73 390]]
ACA KNN: 0.314
ACA RF: 0.3419
Time: 514.074833
Time KNN: 119.159377
Time Random Forests: 1.02925
Number of Train Images: 1000
Number of Test Images: 10000
Note: tamano de los filtros
END

