Time dowloading database= 3.1e-05
Time computing time of textons=360.86026
Time Assign Textons= 223.449448
KNN Confussion Train
[[  0   0   0   0   0   0 101   0   0   1]
 [  0   1   0   0   0   0 110   0   0   1]
 [  0   0   0   0   0   0  99   0   0   0]
 [  0   0   0   0   0   0  92   0   0   0]
 [  0   1   0   0   0   0  98   0   0   0]
 [  0   0   0   0   0   0  85   0   0   0]
 [  0   0   0   0   0   0 107   0   0   0]
 [  0   0   0   0   0   0 102   0   0   0]
 [  0   0   0   0   0   0  99   0   0   0]
 [  0   2   0   0   0   0 101   0   0   0]]
ACA KNN Train
0.108

Confussion Test KNN
[[   0    1    0    0    0    0  997    1    0    1]
 [   0    3    0    0    0    0  991    3    0    3]
 [   0    1    0    0    0    0  997    1    0    1]
 [   0    2    0    0    0    0  996    0    0    2]
 [   0    0    0    0    0    0 1000    0    0    0]
 [   0    5    0    0    0    0  993    0    0    2]
 [   0    2    0    0    0    0  998    0    0    0]
 [   0    8    0    0    0    0  988    0    0    4]
 [   0    0    0    0    0    0 1000    0    0    0]
 [   0   10    0    0    0    0  989    0    0    1]]
ACA random forests train= 1.0
Confussion Matrix Train Random Forest=
[[102   0   0   0   0   0   0   0   0   0]
 [  0 112   0   0   0   0   0   0   0   0]
 [  0   0  99   0   0   0   0   0   0   0]
 [  0   0   0  92   0   0   0   0   0   0]
 [  0   0   0   0  99   0   0   0   0   0]
 [  0   0   0   0   0  85   0   0   0   0]
 [  0   0   0   0   0   0 107   0   0   0]
 [  0   0   0   0   0   0   0 102   0   0]
 [  0   0   0   0   0   0   0   0  99   0]
 [  0   0   0   0   0   0   0   0   0 103]]
CONFUSSION RF 
[[466 103 108   5  42  16  38  31 166  25]
 [ 87 513   7  10  40  10  64  62  50 157]
 [147  36 206  54 174  81 166  66  47  23]
 [ 54  53  69 119  99 184 194 130  29  69]
 [ 27  28  52  64 419  84 140 111  40  35]
 [ 28  38  91 101  90 310 143 151   8  40]
 [ 43  60  61  57  76  46 595  37  11  14]
 [ 31 116  30  41  94 101  56 372  30 129]
 [185 118  31  10  38   8  30  23 499  58]
 [ 40 262   3  16  24   7  31  85  66 466]]
ACA KNN: 0.1002
ACA RF: 0.3965
Time: 989.268935
Time KNN: 155.496551
Time Random Forests: 2.278343
Number of Train Images: 1000
Number of Test Images: 10000
Note: tamano de los filtros
END

